创建：tuple--uuid--safdaljfdlsajfljalfdsal = 0000 0000 1010 0101
应答：tuple--uuid--safdaljfdlsajfljalfdsal = 0000 0000 1010 0101


创建：tuple1--uuid--dfsafsafdfsadsafd = 1000 1000 1010 0101
应答：tuple1--uuid--dfsafsafdfsadsafd = 1000 1000 1010 0101

创建：tuple2--uuid--ddafd = 1000 1000 0010 0101
创建：tuple3--uuid--dfsadsafdsafdsa = 1000 1001 0010 0101
创建：tuple4--uuid--dad = 1100 1000 0010 0101
创建：tuple5--uuid--dfs1212afsafdfsadsafdhg = 1000 1000 0010 0101

应答：tuple5--uuid--dfs1212afsafdfsadsafdhg = 1000 1000 0010 0101
应答：tuple2--uuid--ddafd = 1000 1000 0010 0101
应答：tuple3--uuid--dfsadsafdsafdsa = 1000 1001 0010 0101
应答：tuple4--uuid--dad = 1100 1000 0010 0101


<RootId,ackValue=787878787>

0000 0000 1010 0101
0000 0000 1010 0101
-------------------
0000 0000 0000 0000  = 0 
1000 1000 1010 0101  
-------------------
1000 1000 1010 0101  = 1000
1000 1000 1010 0101
-------------------
0000 0000 0000 0000  = 0 
1000 1000 0010 0101
-------------------
1000 1000 0010 0101  = -1500
1000 1001 0010 0101  
------------------- 
0000 0001 0000 0000  = 121211  
1100 1000 0010 0101
-------------------
1100 1001 0010 0101  =  787878787
1000 1000 0010 0101

